{"Document":{"ObjectName":"Scenario::ScenarioDocumentModel","id":1,"BaseScenario":{"ObjectName":"Scenario::BaseScenario","id":0,"Constraint":{"ObjectName":"Scenario::IntervalModel","id":0,"Metadata":{"ScriptingName":"voxel","Comment":"","Color":"Transparent1","Label":"","Touched":true},"Inlet":{"uuid":"a1574bb0-cbd4-4c7d-9417-0c25cfd1187b","ObjectName":"Inlet","id":0,"Hidden":false,"Custom":"Audio in","Exposed":"audio in"},"Outlet":{"uuid":"a1d97535-18ac-444a-8417-0cbc1692d897","ObjectName":"Outlet","id":0,"Hidden":false,"Custom":"Audio out","Exposed":"audio out","GainInlet":{"uuid":"9a13fb32-269a-47bf-99a9-930188c1f19c","ObjectName":"Inlet","id":10000,"Hidden":false,"Custom":"Gain","Exposed":"gain","Value":{},"Domain":{"Float":{"Min":0.0,"Max":1.0}}},"PanInlet":{"uuid":"9a13fb32-269a-47bf-99a9-930188c1f19c","ObjectName":"Inlet","id":10001,"Hidden":false,"Custom":"Pan","Exposed":"pan","Value":{},"Domain":{}},"Gain":1.0,"Pan":[1.0,1.0],"Propagate":true},"Processes":[{"uuid":"de035912-5b03-49a8-bc4d-b2cba68e21d9","ObjectName":"Scenario","id":1,"Metadata":{"ScriptingName":"Scenario.1","Comment":"","Color":"Transparent1","Label":"","Touched":false},"Duration":10584000000,"Height":1500.0,"StartOffset":0,"LoopDuration":10584000000,"Pos":[40.0,40.0],"Size":[200.0,100.0],"Loops":false,"Inlet":{"uuid":"a1574bb0-cbd4-4c7d-9417-0c25cfd1187b","ObjectName":"Inlet","id":0,"Hidden":false,"Custom":"In","Exposed":"in"},"Outlet":{"uuid":"a1d97535-18ac-444a-8417-0cbc1692d897","ObjectName":"Outlet","id":0,"Hidden":false,"Custom":"Out","Exposed":"out","GainInlet":{"uuid":"9a13fb32-269a-47bf-99a9-930188c1f19c","ObjectName":"Inlet","id":10000,"Hidden":false,"Custom":"Gain","Exposed":"gain","Value":{},"Domain":{"Float":{"Min":0.0,"Max":1.0}}},"PanInlet":{"uuid":"9a13fb32-269a-47bf-99a9-930188c1f19c","ObjectName":"Inlet","id":10001,"Hidden":false,"Custom":"Pan","Exposed":"pan","Value":{},"Domain":{}},"Gain":1.0,"Pan":[1.0,1.0],"Propagate":true},"StartTimeNodeId":0,"StartEventId":0,"StartStateId":0,"TimeNodes":[{"ObjectName":"Scenario::TimeSyncModel","id":0,"Metadata":{"ScriptingName":"Sync.start","Comment":"","Color":"Gray","Label":"","Touched":true},"Date":0,"Events":[0],"MusicalSync":-1.0,"AutoTrigger":false,"Start":true,"Active":false,"Expression":" { true == false } "},{"ObjectName":"Scenario::TimeSyncModel","id":1,"Metadata":{"ScriptingName":"Sync.spud67","Comment":"","Color":"Gray","Label":"","Touched":true},"Date":1246844182,"Events":[1],"MusicalSync":-1.0,"AutoTrigger":false,"Start":false,"Active":false,"Expression":" { true == false } "},{"ObjectName":"Scenario::TimeSyncModel","id":2,"Metadata":{"ScriptingName":"Sync.gail54","Comment":"","Color":"Gray","Label":"","Touched":true},"Date":8152621992,"Events":[2],"MusicalSync":-1.0,"AutoTrigger":false,"Start":false,"Active":false,"Expression":" { true == false } "},{"ObjectName":"Scenario::TimeSyncModel","id":3,"Metadata":{"ScriptingName":"Sync.clay82","Comment":"","Color":"Gray","Label":"","Touched":true},"Date":1246844182,"Events":[3],"MusicalSync":-1.0,"AutoTrigger":false,"Start":false,"Active":false,"Expression":" { true == false } "},{"ObjectName":"Scenario::TimeSyncModel","id":4,"Metadata":{"ScriptingName":"Sync.bust66","Comment":"","Color":"Gray","Label":"","Touched":true},"Date":8302844182,"Events":[4],"MusicalSync":-1.0,"AutoTrigger":false,"Start":false,"Active":false,"Expression":" { true == false } "},{"ObjectName":"Scenario::TimeSyncModel","id":5,"Metadata":{"ScriptingName":"Sync.sway5","Comment":"","Color":"Gray","Label":"","Touched":true},"Date":8362218885,"Events":[5],"MusicalSync":-1.0,"AutoTrigger":false,"Start":false,"Active":false,"Expression":" { true == false } "}],"Events":[{"ObjectName":"Scenario::EventModel","id":0,"Metadata":{"ScriptingName":"Event.start","Comment":"","Color":"Emphasis4","Label":"","Touched":true},"TimeNode":0,"States":[0],"Condition":"","Date":0,"Offset":0},{"ObjectName":"Scenario::EventModel","id":1,"Metadata":{"ScriptingName":"Event.duff35","Comment":"","Color":"Emphasis4","Label":"","Touched":true},"TimeNode":1,"States":[1,3,7,8],"Condition":"","Date":1246844182,"Offset":0},{"ObjectName":"Scenario::EventModel","id":2,"Metadata":{"ScriptingName":"Event.juke71","Comment":"","Color":"Emphasis4","Label":"","Touched":true},"TimeNode":2,"States":[2,6],"Condition":"","Date":8152621992,"Offset":0},{"ObjectName":"Scenario::EventModel","id":3,"Metadata":{"ScriptingName":"Event.fuji48","Comment":"","Color":"Emphasis4","Label":"","Touched":true},"TimeNode":3,"States":[4],"Condition":"","Date":1246844182,"Offset":0},{"ObjectName":"Scenario::EventModel","id":4,"Metadata":{"ScriptingName":"Event.pews84","Comment":"","Color":"Emphasis4","Label":"","Touched":true},"TimeNode":4,"States":[5],"Condition":"","Date":8302844182,"Offset":0},{"ObjectName":"Scenario::EventModel","id":5,"Metadata":{"ScriptingName":"Event.trag68","Comment":"","Color":"Emphasis4","Label":"","Touched":true},"TimeNode":5,"States":[9],"Condition":"","Date":8362218885,"Offset":0}],"States":[{"ObjectName":"Scenario::StateModel","id":0,"Metadata":{"ScriptingName":"State.start","Comment":"","Color":"Base1","Label":"","Touched":true},"Event":0,"PreviousConstraint":null,"NextConstraint":1,"HeightPercentage":0.10866666666666666,"Messages":{"Name":"","Accessors":[],"Unit":"none","Previous":[],"Following":[],"User":null,"Priorities":[1,2,0]},"Controls":[],"StateProcesses":[]},{"ObjectName":"Scenario::StateModel","id":1,"Metadata":{"ScriptingName":"State.vote90","Comment":"","Color":"Base1","Label":"","Touched":true},"Event":1,"PreviousConstraint":1,"NextConstraint":2,"HeightPercentage":0.10866666666666666,"Messages":{"Name":"","Accessors":[],"Unit":"none","Previous":[],"Following":[],"User":null,"Priorities":[1,2,0]},"Controls":[],"StateProcesses":[]},{"ObjectName":"Scenario::StateModel","id":2,"Metadata":{"ScriptingName":"State.gulf60","Comment":"","Color":"Base1","Label":"","Touched":true},"Event":2,"PreviousConstraint":2,"NextConstraint":null,"HeightPercentage":0.10866666666666666,"Messages":{"Name":"","Accessors":[],"Unit":"none","Previous":[],"Following":[],"User":null,"Priorities":[1,2,0]},"Controls":[],"StateProcesses":[]},{"ObjectName":"Scenario::StateModel","id":3,"Metadata":{"ScriptingName":"State.hogs57","Comment":"","Color":"Base1","Label":"","Touched":true},"Event":1,"PreviousConstraint":null,"NextConstraint":3,"HeightPercentage":0.336,"Messages":{"Name":"","Accessors":[],"Unit":"none","Previous":[],"Following":[],"User":null,"Priorities":[1,2,0]},"Controls":[],"StateProcesses":[]},{"ObjectName":"Scenario::StateModel","id":4,"Metadata":{"ScriptingName":"State.bell32","Comment":"","Color":"Base1","Label":"","Touched":true},"Event":3,"PreviousConstraint":3,"NextConstraint":4,"HeightPercentage":0.336,"Messages":{"Name":"","Accessors":[],"Unit":"none","Previous":[],"Following":[],"User":null,"Priorities":[1,2,0]},"Controls":[],"StateProcesses":[]},{"ObjectName":"Scenario::StateModel","id":5,"Metadata":{"ScriptingName":"State.woof96","Comment":"","Color":"Base1","Label":"","Touched":true},"Event":4,"PreviousConstraint":4,"NextConstraint":null,"HeightPercentage":0.336,"Messages":{"Name":"","Accessors":[],"Unit":"none","Previous":[],"Following":[],"User":null,"Priorities":[1,2,0]},"Controls":[],"StateProcesses":[]},{"ObjectName":"Scenario::StateModel","id":6,"Metadata":{"ScriptingName":"State.logs63","Comment":"","Color":"Base1","Label":"","Touched":true},"Event":2,"PreviousConstraint":null,"NextConstraint":5,"HeightPercentage":0.07666666666666666,"Messages":{"Name":"","Accessors":[],"Unit":"none","Previous":[],"Following":[],"User":null,"Priorities":[1,2,0]},"Controls":[],"StateProcesses":[]},{"ObjectName":"Scenario::StateModel","id":7,"Metadata":{"ScriptingName":"State.serf24","Comment":"","Color":"Base1","Label":"","Touched":true},"Event":1,"PreviousConstraint":5,"NextConstraint":null,"HeightPercentage":0.07666666666666666,"Messages":{"Name":"","Accessors":[],"Unit":"none","Previous":[],"Following":[],"User":null,"Priorities":[1,2,0]},"Controls":[],"StateProcesses":[]},{"ObjectName":"Scenario::StateModel","id":8,"Metadata":{"ScriptingName":"State.send56","Comment":"","Color":"Base1","Label":"","Touched":true},"Event":1,"PreviousConstraint":null,"NextConstraint":6,"HeightPercentage":0.5526666666666666,"Messages":{"Name":"","Accessors":[],"Unit":"none","Previous":[],"Following":[],"User":null,"Priorities":[1,2,0]},"Controls":[],"StateProcesses":[]},{"ObjectName":"Scenario::StateModel","id":9,"Metadata":{"ScriptingName":"State.ream5","Comment":"","Color":"Base1","Label":"","Touched":true},"Event":5,"PreviousConstraint":6,"NextConstraint":null,"HeightPercentage":0.5526666666666666,"Messages":{"Name":"","Accessors":[],"Unit":"none","Previous":[],"Following":[],"User":null,"Priorities":[1,2,0]},"Controls":[],"StateProcesses":[]}],"Constraints":[{"ObjectName":"Scenario::IntervalModel","id":1,"Metadata":{"ScriptingName":"Interval.bstj57","Comment":"","Color":"Transparent1","Label":"","Touched":true},"Inlet":{"uuid":"a1574bb0-cbd4-4c7d-9417-0c25cfd1187b","ObjectName":"Inlet","id":0,"Hidden":false,"Custom":"Audio in","Exposed":"audio in"},"Outlet":{"uuid":"a1d97535-18ac-444a-8417-0cbc1692d897","ObjectName":"Outlet","id":0,"Hidden":false,"Custom":"Audio out","Exposed":"audio out","GainInlet":{"uuid":"9a13fb32-269a-47bf-99a9-930188c1f19c","ObjectName":"Inlet","id":10000,"Hidden":false,"Custom":"Gain","Exposed":"gain","Value":{},"Domain":{"Float":{"Min":0.0,"Max":1.0}}},"PanInlet":{"uuid":"9a13fb32-269a-47bf-99a9-930188c1f19c","ObjectName":"Inlet","id":10001,"Hidden":false,"Custom":"Pan","Exposed":"pan","Value":{},"Domain":{}},"Gain":1.0,"Pan":[1.0,1.0],"Propagate":true},"Processes":[],"SmallViewRack":[],"FullViewRack":[],"DefaultDuration":1246844182,"MinDuration":1246844182,"MaxDuration":1246844182,"GuiDuration":1371528600,"Speed":1.0,"Rigidity":true,"MinNull":false,"MaxInf":false,"Signatures":[],"StartState":0,"EndState":1,"StartDate":0,"HeightPercentage":0.10866666666666666,"NodalSlotHeight":100.0,"QuantizationRate":-1.0,"Zoom":-1.0,"Center":0,"ViewMode":0,"SmallViewShown":false,"HasSignature":false},{"ObjectName":"Scenario::IntervalModel","id":2,"Metadata":{"ScriptingName":"Reusable_Voxel_Engine_4tlfDn","Comment":"","Color":"Transparent1","Label":"","Touched":true},"Inlet":{"uuid":"a1574bb0-cbd4-4c7d-9417-0c25cfd1187b","ObjectName":"Inlet","id":0,"Hidden":false,"Custom":"Audio in","Exposed":"audio in"},"Outlet":{"uuid":"a1d97535-18ac-444a-8417-0cbc1692d897","ObjectName":"Outlet","id":0,"Hidden":false,"Custom":"Audio out","Exposed":"audio out","GainInlet":{"uuid":"9a13fb32-269a-47bf-99a9-930188c1f19c","ObjectName":"Inlet","id":10000,"Hidden":false,"Custom":"Gain","Exposed":"gain","Value":{},"Domain":{"Float":{"Min":0.0,"Max":1.0}}},"PanInlet":{"uuid":"9a13fb32-269a-47bf-99a9-930188c1f19c","ObjectName":"Inlet","id":10001,"Hidden":false,"Custom":"Pan","Exposed":"pan","Value":{},"Domain":{}},"Gain":1.0,"Pan":[1.0,1.0],"Propagate":true},"Processes":[{"uuid":"74ca45ff-92c9-44a0-8f1a-754dea05ee1b","ObjectName":"gfxProcess","id":1,"Metadata":{"ScriptingName":"Reusable_Voxel_Engine_4tlfDn","Comment":"","Color":"Transparent1","Label":"","Touched":true},"Duration":6905777810,"Height":300.0,"StartOffset":0,"LoopDuration":7056000000,"Pos":[577.0,25.0],"Size":[226.109375,22.0],"Loops":false,"Vertex":"","Fragment":"/*\n{\n  \"IMPORTED\" : [\n\n  ],\n  \"CATEGORIES\" : [\n    \"procedural\",\n    \"3d\",\n    \"grid\",\n    \"voxel\",\n    \"marching\",\n    \"reusable\",\n    \"Automatically Converted\",\n    \"Shadertoy\"\n  ],\n  \"DESCRIPTION\" : \"Automatically converted from https:\\/\\/www.shadertoy.com\\/view\\/4tlfDn by mhnewman.  Simple to reuse, fast voxel engine. Create your scene by filling in setCamera(), voxelHit(), and voxelColor().\",\n  \"INPUTS\" : [\n    {\n      \"NAME\" : \"iMouse\",\n      \"TYPE\" : \"point2D\"\n    }\n  ]\n}\n*/\n\n\n// Simple to reuse, fast voxel engine.\n// Create your scene by filling in setCamera(), voxelHit(), and voxelColor().\n// The engine uses a Z-up right-handed coordinate system.\n// The following constants should also be set.\nconst vec3 backgroundColor = vec3(0.6, 0.7, 0.8);\nconst vec3 lightDir = vec3(0.36, 0.48, 0.8);\nconst float shadow = 0.7;\nconst int maxIter = 100;\n\n#define CAST_SHADOW\n\n// Set Camera will position and aim the camera.\n//   eye := The location of the camera.\n//   center := The location at which the camera is looking.\n//   Return value := Camera focal length.\nfloat setCamera(out vec3 eye, out vec3 center) {\n    \n    // Fill in this function.\n    vec2 m = vec2(0.1 * TIME, 0.7);\n    if (iMouse.x > 0.0)\n        m = iMouse.xy / RENDERSIZE.xy;\n    m *= 6.283185 * vec2(1.0, 0.25);    \n    float dist = 30.0;\n    center = vec3(0.5);\n    eye = center + vec3(dist * sin(m.x) * sin(m.y), dist * cos(m.x) * sin(m.y), dist * cos(m.y));\n    return 3.0;\n\n}\n\n// Voxel Hit returns true if the voxel at pos should be filled.\nbool voxelHit(vec3 pos) {\n    \n    // Fill in this function.\n    vec3 hash = fract(pos * vec3(5.3983, 5.4427, 6.9371));\n    hash += dot(hash, hash.yzx + 19.19);\n    return length(pos) + 2.0 * fract((hash.x + hash.y) * hash.z) < 6.0 + 0.5 * sin(1.0 * TIME);\n\n}\n\n// Voxel Color returns the color at pos with normal vector norm.\nvec3 voxelColor(vec3 pos, vec3 norm) {\n    \n    // Fill in this function.\n    return mix(vec3(0, 0.98, 1), vec3(0.81, 0.78, 0.98), 0.6 * (length(floor(pos)) - 3.9));\n\n}\n\n////////////////////////////////////////////////////////////////////////////////\n// Fill in the functions above.\n// The engine below does not need to be modified.\n////////////////////////////////////////////////////////////////////////////////\n\nfloat castRay(vec3 eye, vec3 ray, out float dist, out vec3 norm) {\n    vec3 pos = floor(eye);\n    vec3 ri = 1.0 / ray;\n    vec3 rs = sign(ray);\n    vec3 ris = ri * rs;\n    vec3 dis = (pos - eye + 0.5 + rs * 0.5) * ri;\n    \n    vec3 dim = vec3(0.0);\n    for (int i = 0; i < maxIter; ++i) {\n        if (voxelHit(pos)) {\n            dist = dot(dis - ris, dim);\n            norm = -dim * rs;\n            return 1.0;\n        }\n    \n        dim = step(dis, dis.yzx);\n\t\tdim *= (1.0 - dim.zxy);\n        \n        dis += dim * ris;\n        pos += dim * rs;\n    }\n\n\treturn 0.0;\n}\n\nvoid main() {\n\n    vec3 eye, center;\n    float zoom = setCamera(eye, center);\n    \n    vec3 forward = normalize(center - eye);\n    vec3 right = normalize(cross(forward, vec3(0.0, 0.0, 1.0)));\n    vec3 up = cross(right, forward);\n    vec2 xy = 2.0 * gl_FragCoord.xy - RENDERSIZE.xy;\n    vec3 ray = normalize(xy.x * right + xy.y * up + zoom * forward * RENDERSIZE.y);\n    \n    float dist;\n    vec3 norm;\n    float hit = castRay(eye, ray, dist, norm);\n    vec3 pos = eye + dist * ray;\n    vec3 color = voxelColor(pos - 0.001 * norm, norm);\n    float shade = dot(norm, lightDir);\n    \n#ifdef CAST_SHADOW\n    float illuminated = 1.0 - castRay(pos + 0.001 * norm, lightDir, dist, norm);\n    float light = (1.0 + shadow * (illuminated * max(shade, 0.0) - 1.0)) * (1.0 - max(-shade, 0.0));\n#else\n    float light = (1.0 + shadow * (max(shade, 0.0) - 1.0)) * (1.0 - max(-shade, 0.0));    \n#endif\n    \n    gl_FragColor = vec4(mix(backgroundColor, light * color, hit), 1.0);\n}\n","Inlets":[{"uuid":"8093743c-584f-4bb9-97d4-6c7602f87116","ObjectName":"Inlet","id":0,"Hidden":true,"Custom":"iMouse","Exposed":"imouse","Value":{"Vec2f":[0.5,0.5]},"Domain":{"Vec2f":{"Min":[0.0,0.0],"Max":[1.0,1.0],"Values":[[],[]]}}}],"Outlets":[{"uuid":"f1c71046-b754-49a5-8e66-d01374773dfc","ObjectName":"Outlet","id":1,"Hidden":false}]},{"uuid":"3f4a41f2-fa39-420f-ab0f-0af6b8409edb","ObjectName":"Process::ProcessModel","id":3,"Metadata":{"ScriptingName":"Value display","Comment":"","Color":"Transparent1","Label":"","Touched":true},"Duration":6905777810,"Height":300.0,"StartOffset":0,"LoopDuration":6905777810,"Pos":[308.48099363934085,39.9075859375],"Size":[200.0,100.0],"Loops":false,"Inlets":[{"uuid":"9a13fb32-269a-47bf-99a9-930188c1f19c","ObjectName":"Inlet","id":0,"Hidden":true,"Custom":"Control","Exposed":"control","Value":{},"Domain":{}}],"Outlets":[]},{"uuid":"ae84e8b6-74ff-4259-aeeb-305d95cdfcab","ObjectName":"Process::ProcessModel","id":6,"Metadata":{"ScriptingName":"Expression Value Filter","Comment":"","Color":"Transparent1","Label":"","Touched":true},"Duration":6905777810,"Height":300.0,"StartOffset":0,"LoopDuration":6905777810,"Pos":[-28.51900636065909,-3.092414062499998],"Size":[300.0,200.0],"Loops":false,"Inlets":[{"uuid":"769dd38a-bfb3-4dc6-b52a-b6abb7afe2a3","ObjectName":"Inlet","id":0,"Hidden":false,"Custom":"in","Exposed":"in","Address":"OSC_livepose:/livepose/skeletons/0/0/keypoints/MIDDLE_FINGER_MCP"},{"uuid":"9ae797ea-d94c-4792-acec-9ec1932bae5d","ObjectName":"Inlet","id":1,"Hidden":true,"Custom":"Expression (ExprTK)","Exposed":"expression (exprtk)","Value":{"String":"return [xv[0] , xv[1]]"},"Domain":{}},{"uuid":"af2b4fc3-aecb-4c15-a5aa-1c573a239925","ObjectName":"Inlet","id":2,"Hidden":true,"Custom":"Param (a)","Exposed":"param (a)","Value":{"Float":0.5},"Domain":{"Float":{"Min":0.0,"Max":1.0}}},{"uuid":"af2b4fc3-aecb-4c15-a5aa-1c573a239925","ObjectName":"Inlet","id":3,"Hidden":true,"Custom":"Param (b)","Exposed":"param (b)","Value":{"Float":0.5},"Domain":{"Float":{"Min":0.0,"Max":1.0}}},{"uuid":"af2b4fc3-aecb-4c15-a5aa-1c573a239925","ObjectName":"Inlet","id":4,"Hidden":true,"Custom":"Param (c)","Exposed":"param (c)","Value":{"Float":0.5},"Domain":{"Float":{"Min":0.0,"Max":1.0}}}],"Outlets":[{"uuid":"cff96158-cc72-46d7-99dc-b6038171375b","ObjectName":"Outlet","id":0,"Hidden":false,"Custom":"out","Exposed":"out"}]}],"SmallViewRack":[{"Processes":[1,3,6],"Process":null,"Height":200.0,"Nodal":true}],"FullViewRack":[{"Process":0,"Nodal":true}],"DefaultDuration":6905777810,"MinDuration":6905777810,"MaxDuration":6905777810,"GuiDuration":7761600000,"Speed":1.0,"Rigidity":true,"MinNull":false,"MaxInf":false,"Signatures":[],"StartState":1,"EndState":2,"StartDate":1246844182,"HeightPercentage":0.10866666666666666,"NodalSlotHeight":100.0,"QuantizationRate":-1.0,"Zoom":-1.0,"Center":0,"ViewMode":0,"SmallViewShown":true,"HasSignature":false},{"ObjectName":"Scenario::IntervalModel","id":3,"Metadata":{"ScriptingName":"Interval.slit16","Comment":"","Color":"Transparent1","Label":"","Touched":true},"Inlet":{"uuid":"a1574bb0-cbd4-4c7d-9417-0c25cfd1187b","ObjectName":"Inlet","id":0,"Hidden":false,"Custom":"Audio in","Exposed":"audio in"},"Outlet":{"uuid":"a1d97535-18ac-444a-8417-0cbc1692d897","ObjectName":"Outlet","id":0,"Hidden":false,"Custom":"Audio out","Exposed":"audio out","GainInlet":{"uuid":"9a13fb32-269a-47bf-99a9-930188c1f19c","ObjectName":"Inlet","id":10000,"Hidden":false,"Custom":"Gain","Exposed":"gain","Value":{},"Domain":{"Float":{"Min":0.0,"Max":1.0}}},"PanInlet":{"uuid":"9a13fb32-269a-47bf-99a9-930188c1f19c","ObjectName":"Inlet","id":10001,"Hidden":false,"Custom":"Pan","Exposed":"pan","Value":{},"Domain":{}},"Gain":1.0,"Pan":[1.0,1.0],"Propagate":true},"Processes":[],"SmallViewRack":[],"FullViewRack":[],"DefaultDuration":0,"MinDuration":0,"MaxDuration":0,"GuiDuration":512257670,"Speed":1.0,"Rigidity":true,"MinNull":false,"MaxInf":false,"Signatures":[],"StartState":3,"EndState":4,"StartDate":1246844182,"HeightPercentage":0.336,"NodalSlotHeight":100.0,"QuantizationRate":-1.0,"Zoom":-1.0,"Center":0,"ViewMode":0,"SmallViewShown":false,"HasSignature":false},{"ObjectName":"Scenario::IntervalModel","id":4,"Metadata":{"ScriptingName":"gs_39648.0","Comment":"","Color":"Transparent1","Label":"","Touched":true},"Inlet":{"uuid":"a1574bb0-cbd4-4c7d-9417-0c25cfd1187b","ObjectName":"Inlet","id":0,"Hidden":false,"Custom":"Audio in","Exposed":"audio in"},"Outlet":{"uuid":"a1d97535-18ac-444a-8417-0cbc1692d897","ObjectName":"Outlet","id":0,"Hidden":false,"Custom":"Audio out","Exposed":"audio out","GainInlet":{"uuid":"9a13fb32-269a-47bf-99a9-930188c1f19c","ObjectName":"Inlet","id":10000,"Hidden":false,"Custom":"Gain","Exposed":"gain","Value":{},"Domain":{"Float":{"Min":0.0,"Max":1.0}}},"PanInlet":{"uuid":"9a13fb32-269a-47bf-99a9-930188c1f19c","ObjectName":"Inlet","id":10001,"Hidden":false,"Custom":"Pan","Exposed":"pan","Value":{},"Domain":{}},"Gain":1.0,"Pan":[1.0,1.0],"Propagate":true},"Processes":[{"uuid":"74ca45ff-92c9-44a0-8f1a-754dea05ee1b","ObjectName":"gfxProcess","id":1,"Metadata":{"ScriptingName":"gs_39648.0","Comment":"","Color":"Transparent1","Label":"","Touched":true},"Duration":7056000000,"Height":300.0,"StartOffset":0,"LoopDuration":7056000000,"Pos":[40.0,40.0],"Size":[100.953125,22.0],"Loops":false,"Vertex":"","Fragment":"/*\n{\n  \"CATEGORIES\" : [\n    \"Automatically Converted\",\n    \"GLSLSandbox\"\n  ],\n  \"INPUTS\" : [\n\t{\n\t\t\"NAME\": \"rotate\",\n\t\t\"TYPE\": \"float\",\n\t\t\"DEFAULT\": 0,\n\t\t\"MIN\": -1,\n\t\t\"MAX\": 1\n\t},\n\t{\n\t\t\"NAME\": \"zoom\",\n\t\t\"TYPE\": \"float\",\n\t\t\"DEFAULT\": 1,\n\t\t\"MIN\": 0.5,\n\t\t\"MAX\": 5\n\t}\n  ],\n  \"DESCRIPTION\" : \"Automatically converted from http:\\/\\/glslsandbox.com\\/e#39648.0\"\n}\n*/\n\n\n#ifdef GL_ES\nprecision mediump float;\n#endif\n\n#extension GL_OES_standard_derivatives : enable\n\n#define PI 3.14159265359\nmat2 rotate2d(float _angle){\n    return mat2(cos(_angle),-sin(_angle),\n                sin(_angle),cos(_angle));\n}\n\nfloat circle(vec2 coord, vec2 seed)\n{\n    float reso = 16.0;\n    float cw = RENDERSIZE.x / reso;\n\n    vec2 p = mod(coord, cw);\n    float d = distance(p, vec2(cw / 2.0));\n\n    float rnd = dot(floor(coord / cw), seed);\n    float t = TIME * 2.0 + fract(sin(rnd)) * 6.2;\n\n    float l = cw * (sin(t) * 0.25 + 0.25);\n    return clamp(l - d, 0.0, 1.0);\n}\n\nvoid main()\n{\n    vec2 p = (gl_FragCoord.xy - RENDERSIZE / 2.0) / zoom;\n    \n\t\n    p = rotate2d(rotate*PI ) * p;\n    \n    vec2 dp = vec2(7.9438, 0.3335) * TIME;\n    float c1 = circle(p - dp, vec2(323.443, 412.312));\n    float c2 = circle(p + dp, vec2(878.465, 499.173));\n    float c = max(0.0, c1 - c2);\n    gl_FragColor = vec4(c, c, c, 1);\n}","Inlets":[{"uuid":"af2b4fc3-aecb-4c15-a5aa-1c573a239925","ObjectName":"Inlet","id":0,"Hidden":true,"Custom":"rotate","Exposed":"rotate","Value":{"Float":-0.0002142786979675293},"Domain":{"Float":{"Min":-1.0,"Max":1.0}}},{"uuid":"af2b4fc3-aecb-4c15-a5aa-1c573a239925","ObjectName":"Inlet","id":1,"Hidden":true,"Custom":"zoom","Exposed":"zoom","Value":{"Float":1.0},"Domain":{"Float":{"Min":0.5,"Max":5.0}}}],"Outlets":[{"uuid":"f1c71046-b754-49a5-8e66-d01374773dfc","ObjectName":"Outlet","id":1,"Hidden":false}]}],"SmallViewRack":[{"Processes":[1],"Process":null,"Height":200.0,"Nodal":true}],"FullViewRack":[{"Process":0,"Nodal":true}],"DefaultDuration":7056000000,"MinDuration":7056000000,"MaxDuration":7056000000,"GuiDuration":7761600000,"Speed":1.0,"Rigidity":true,"MinNull":false,"MaxInf":false,"Signatures":[],"StartState":4,"EndState":5,"StartDate":1246844182,"HeightPercentage":0.336,"NodalSlotHeight":100.0,"QuantizationRate":-1.0,"Zoom":-1.0,"Center":0,"ViewMode":0,"SmallViewShown":true,"HasSignature":false},{"ObjectName":"Scenario::IntervalModel","id":5,"Metadata":{"ScriptingName":"Interval.wise24","Comment":"","Color":"Transparent1","Label":"","Touched":true},"Graphal":true,"DefaultDuration":0,"MinDuration":0,"MaxDuration":0,"GuiDuration":0,"Speed":1.0,"Rigidity":true,"MinNull":false,"MaxInf":false,"StartState":6,"EndState":7,"StartDate":8152621992,"HeightPercentage":0.07666666666666666},{"ObjectName":"Scenario::IntervalModel","id":6,"Metadata":{"ScriptingName":"Angular","Comment":"","Color":"Transparent1","Label":"","Touched":true},"Inlet":{"uuid":"a1574bb0-cbd4-4c7d-9417-0c25cfd1187b","ObjectName":"Inlet","id":0,"Hidden":false,"Custom":"Audio in","Exposed":"audio in"},"Outlet":{"uuid":"a1d97535-18ac-444a-8417-0cbc1692d897","ObjectName":"Outlet","id":0,"Hidden":false,"Custom":"Audio out","Exposed":"audio out","GainInlet":{"uuid":"9a13fb32-269a-47bf-99a9-930188c1f19c","ObjectName":"Inlet","id":10000,"Hidden":false,"Custom":"Gain","Exposed":"gain","Value":{},"Domain":{"Float":{"Min":0.0,"Max":1.0}}},"PanInlet":{"uuid":"9a13fb32-269a-47bf-99a9-930188c1f19c","ObjectName":"Inlet","id":10001,"Hidden":false,"Custom":"Pan","Exposed":"pan","Value":{},"Domain":{}},"Gain":1.0,"Pan":[1.0,1.0],"Propagate":true},"Processes":[{"uuid":"3f4a41f2-fa39-420f-ab0f-0af6b8409edb","ObjectName":"Process::ProcessModel","id":4,"Metadata":{"ScriptingName":"Value display","Comment":"","Color":"Transparent1","Label":"","Touched":true},"Duration":7115374703,"Height":300.0,"StartOffset":0,"LoopDuration":7115374703,"Pos":[76.65077142531283,139.634484375],"Size":[200.0,100.0],"Loops":false,"Inlets":[{"uuid":"9a13fb32-269a-47bf-99a9-930188c1f19c","ObjectName":"Inlet","id":0,"Hidden":true,"Custom":"Control","Exposed":"control","Value":{},"Domain":{}}],"Outlets":[]},{"uuid":"25c64b87-a44a-4fed-9f60-0a48906fd3ec","ObjectName":"Process::ProcessModel","id":3,"Metadata":{"ScriptingName":"MIDDLE_y","Comment":"","Color":"Transparent1","Label":"","Touched":true},"Duration":7115374703,"Height":300.0,"StartOffset":0,"LoopDuration":7115374703,"Pos":[-108.34922857468716,124.634484375],"Size":[115.0,23.0],"Loops":false,"Inlets":[{"uuid":"769dd38a-bfb3-4dc6-b52a-b6abb7afe2a3","ObjectName":"Inlet","id":0,"Hidden":false,"Custom":"in","Exposed":"in","Address":"OSC_livepose:/livepose/skeletons/0/0/keypoints/MIDDLE_FINGER_MCP"},{"uuid":"9ae797ea-d94c-4792-acec-9ec1932bae5d","ObjectName":"Inlet","id":1,"Hidden":true,"Custom":"Expression","Exposed":"expression","Value":{"String":"xv[1]"},"Domain":{}}],"Outlets":[{"uuid":"cff96158-cc72-46d7-99dc-b6038171375b","ObjectName":"Outlet","id":0,"Hidden":false,"Custom":"out","Exposed":"out"}]},{"uuid":"25c64b87-a44a-4fed-9f60-0a48906fd3ec","ObjectName":"Process::ProcessModel","id":2,"Metadata":{"ScriptingName":"MIDDLE_x","Comment":"","Color":"Transparent1","Label":"","Touched":true},"Duration":7115374703,"Height":300.0,"StartOffset":0,"LoopDuration":7115374703,"Pos":[-110.34922857468716,49.634484375],"Size":[115.0,23.0],"Loops":false,"Inlets":[{"uuid":"769dd38a-bfb3-4dc6-b52a-b6abb7afe2a3","ObjectName":"Inlet","id":0,"Hidden":false,"Custom":"in","Exposed":"in","Address":"OSC_livepose:/livepose/skeletons/0/0/keypoints/MIDDLE_FINGER_MCP"},{"uuid":"9ae797ea-d94c-4792-acec-9ec1932bae5d","ObjectName":"Inlet","id":1,"Hidden":true,"Custom":"Expression","Exposed":"expression","Value":{"String":"xv[0]"},"Domain":{}}],"Outlets":[{"uuid":"cff96158-cc72-46d7-99dc-b6038171375b","ObjectName":"Outlet","id":0,"Hidden":false,"Custom":"out","Exposed":"out"}]},{"uuid":"74ca45ff-92c9-44a0-8f1a-754dea05ee1b","ObjectName":"gfxProcess","id":1,"Metadata":{"ScriptingName":"Hand_model","Comment":"","Color":"Transparent1","Label":"","Touched":true},"Duration":7115374703,"Height":300.0,"StartOffset":0,"LoopDuration":7115374703,"Pos":[175.0,47.0],"Size":[110.328125,22.0],"Loops":false,"Vertex":"","Fragment":"/*{\n    \"CATEGORIES\": [\n        \"Hand\"\n    ],\n    \"DESCRIPTION\": \"Hand model\",\n    \"INPUTS\": [\n        {\n            \"NAME\": \"MIDDLE_FINGER_MCP_x\",\n            \"TYPE\": \"float\"\n        },\n        {\n            \"NAME\": \"MIDDLE_FINGER_MCP_y\",\n            \"TYPE\": \"float\"\n        }\n    ],\n    \"ISFVSN\": \"2\"\n}\n*/\n\n\n\nconst float INTERSECTION_PRECISION = 0.001;\nconst float NEAR = 0.1;\nconst float FAR = 2000.0;\n\nfloat sdSphere( vec3 p, float s ) {\n  return length(p)-s;\n}\n\nfloat sdPlane( vec3 p, vec4 n ) {\n  // n must be normalized\n  return dot(p,n.xyz) + n.w;\n}\nfloat sdHexPrism( vec3 p, vec2 h ) {\n    vec3 q = abs(p);\n    return max(q.z-h.y,max((q.x*0.866025+q.y*0.5),q.y)-h.x);\n}\n\n\nfloat sdCappedCylinderLower( vec3 p, vec2 h ){\n  vec2 d = abs(vec2(length(p.xz),p.y + h.y)) - h;\n  return min(max(d.x,d.y),0.0) + length(max(d,0.0));\n}\n\nmat3 calcLookAtMatrix( in vec3 ro, in vec3 ta, in float roll ) {\n    vec3 ww = normalize( ta - ro );\n    vec3 uu = normalize( cross(ww,vec3(sin(roll),cos(roll),0.0) ) );\n    vec3 vv = normalize( cross(uu,ww));\n    return mat3( uu, vv, ww );\n}\n\nfloat sdFingerBone( in vec3 p, in mat4 fingerBone) {\n    \n    vec3 scale = vec3(fingerBone[0][3], fingerBone[1][3], fingerBone[2][3]);\n    \n    fingerBone[0][3] = 0.0;\n    fingerBone[1][3] = 0.0;\n    fingerBone[2][3] = 0.0;\n    \n    p = (fingerBone * vec4(p, 1.0)).xyz;\n    \n    return min(\n        sdSphere(p, scale.x),\n        sdCappedCylinderLower(p, vec2(scale.x, scale.y / 2.0))\n    );\n}\n\nfloat map( in vec3 p, in mat4[16] data ) {\n    float d = FAR;\n    \n    mat4 palmData = data[0];\n    vec3 scale = vec3(palmData[0][3], palmData[1][3], palmData[2][3]);\n    \n    palmData[0][3] = 0.0;\n    palmData[1][3] = 0.0;\n    palmData[2][3] = 0.0;\n    \n    d = min(d, sdHexPrism((palmData * vec4(p, 1.0)).xyz, vec2(scale.x, scale.z / 2.0)));\n    \n    for( int i = 1; i < 16; i++ ) {\n        d = min(d, sdFingerBone(p, data[i]));\n    }\n    \n    \n    //d = min(d, sdHexPrism(p, vec2(100.0, 10.0)));\n    \n    //d = min(d, sdPlane(p, vec4(0.0, 1.0, 0.0, 0.0)));\n    \n    //d = min(d, sdCappedCylinderLower(p, vec2(100.0, 100.0)));\n    \n    return d;\n}\n\nvec3 calcNormal_old( in vec3 pos, in mat4[16] data ) {\n    vec3 eps = vec3(0.002,0.0,0.0);\n    return normalize( vec3(\n           map(pos+eps.xyy, data) - map(pos-eps.xyy, data),\n           map(pos+eps.yxy, data) - map(pos-eps.yxy, data),\n           map(pos+eps.yyx, data) - map(pos-eps.yyx, data) ) );\n}\n\nvec3 calcNormal( in vec3 pos, in mat4[16] data )\n{\n    vec2 e = vec2(1.0,-1.0)*0.5773*.01;\n    return normalize( e.xyy*map( pos + e.xyy, data ) +\n                      e.yyx*map( pos + e.yyx, data ) +\n                      e.yxy*map( pos + e.yxy, data ) +\n                      e.xxx*map( pos + e.xxx, data ) );\n}\n\n\nvec4 intersect( in vec3 ro, in vec3 rd, in mat4[16] data ) {\n    \n    float d = NEAR;\n    float sumd = NEAR;\n    \n    vec3 p = ro + rd * d;\n    \n    float t = 0.0;\n    for( int i=0; i<50; i++ ) { \n        d = map( p, data );\n        if(d < INTERSECTION_PRECISION || sumd > FAR) break;\n        \n        sumd += d;\n        p += rd * d;\n    }\n\n    return vec4(p, d);\n    \n}\n\nvec3 acesFilm(const vec3 x) {\n    const float a = 2.51;\n    const float b = 0.03;\n    const float c = 2.43;\n    const float d = 0.59;\n    const float e = 0.14;\n    return clamp((x * (a * x + b)) / (x * (c * x + d ) + e), 0.0, 1.0);\n}\n\nvoid render(in vec3 ro, in vec3 rd, inout vec3 col, in mat4[16] data ) {\n\n    vec4 res = intersect(ro, rd, data);\n    vec3 pos = res.xyz;\n    vec3 nor = calcNormal( pos, data );\n    vec3 ref = reflect( rd, nor );\n    \n    if (res.w < INTERSECTION_PRECISION) {\n        col = vec3(1.0, 1.0, 1.0);\n    \n        // lighitng\n        vec3  lig = normalize( vec3(-0.6, 0.7, -0.5) );\n        float amb = clamp( 0.5+0.5*nor.y, 0.0, 1.0 );\n        float dif = clamp( dot( nor, lig ), 0.0, 1.0 );\n        float bac = clamp( dot( nor, normalize(vec3(-lig.x,0.0,-lig.z))), 0.0, 1.0 )*clamp( 1.0-pos.y,0.0,1.0);\n        //float dom = smoothstep( -0.1, 0.1, ref.y );\n        //float fre = pow( clamp(1.0+dot(nor,rd),0.0,1.0), 2.0 );\n        //float spe = pow(clamp( dot( ref, lig ), 0.0, 1.0 ),16.0);\n\n        vec3 brdf = vec3(0.0);\n        brdf += 1.20*dif*vec3(1.00,0.90,0.60);\n        // brdf += 1.20*spe*vec3(1.00,0.90,0.60)*dif;\n        brdf += 0.30*amb*vec3(0.50,0.70,1.00);\n        //brdf += 0.40*dom*vec3(0.50,0.70,1.00);\n        brdf += 0.30*bac*vec3(0.25,0.25,0.25);\n        //brdf += 0.40*fre*vec3(1.00,1.00,1.00);\n        //brdf += 0.02;\n        col = col*brdf;\n\n        // Apply the color process\n        col = acesFilm(col * 0.5);\n        col = pow(col, vec3(1.0 / 2.2));\n    }\n    \n}\n\nvoid main() {\n    \n    \n    mat4 data[16];\n    \n\t// data dumped from the webpage\n    // Pomme de main\n    data[0] = mat4( 0.5071753263473511, 0.37931835651397705, 0.8147028684616089, 33.020286560058594, 0.8555222749710083, -0.5918408632278442, -0.3567546010017395, 36.038330078125, 0.2751452326774597, 0.8457598090171814, -0.6530782580375671, 25.9517879486084, -145.39219665527344, 101.49678039550781, 68.79705047607422, 1.0);\n    // Thumb_MCP\n    data[1] = mat4( 0.5983963012695312, 0.758206307888031, -0.25893062353134155, 8.985650062561035, 3.3658409392955946e-10, 0.32317841053009033, 0.9463380575180054, 44.30060958862305, 0.801200270652771, -0.5662851929664612, 0.19338877499103546, 8.985650062561035, -34.11090850830078, -88.48513793945312, -147.6454620361328, 1.0);\n    data[2] = mat4( 0.8364007472991943, 0.5346810817718506, -0.12062347680330276, 8.985650062561035, 1.5648309314997277e-8, 0.22006824612617493, 0.9754844903945923, 30.258787155151367, 0.5481184720993042, -0.8158959150314331, 0.18406522274017334, 8.985650062561035, -44.376338958740234, -88.93354797363281, -159.31216430664062, 1.0);\n    data[3] = mat4( 0.9921209812164307, 0.12517434358596802, -0.005222442094236612, 8.985650062561035, 5.661379143262479e-10, 0.0416850782930851, 0.9991307854652405, 15.952950477600098, 0.12528324127197266, -0.9912586212158203, 0.0413566417992115, 8.985650062561035, -62.56550598144531, -50.18754196166992, -173.701904296875, 0.9999999403953552);\n    data[4] = mat4( 0.9149901270866394, 0.36118781566619873, -0.1798233836889267, 8.583100318908691, -2.1303717900877928e-8, 0.4456852078437805, 0.8951897621154785, 38.1278076171875, 0.4034762680530548, -0.8190897703170776, 0.40779757499694824, 8.583100318908691, -12.331381797790527, -154.5205841064453, -173.60504150390625, 1.0);\n    data[5] = mat4( 0.8975245356559753, 0.44039908051490784, -0.022325173020362854, 8.583099365234375, 1.3945320453956356e-8, 0.05062802881002426, 0.9987175464630127, 21.450544357299805, 0.44096460938453674, -0.8963735103607178, 0.04543989151716232, 8.583100318908691, -9.800576210021973, -94.13629913330078, -220.8803253173828, 1.0);\n    data[6] = mat4( 0.8854115605354309, 0.44700491428375244, 0.12740905582904816, 8.583100318908691, -4.148359167288618e-8, -0.27411115169525146, 0.961698055267334, 11.688687324523926, 0.46480798721313477, -0.8514986038208008, -0.24270115792751312, 8.583099365234375, -7.581989765167236, -29.797914505004883, -239.5002899169922, 1.0);\n    data[7] = mat4( 0.9694989919662476, 0.21628578007221222, -0.115291528403759, 8.429749488830566, 6.317946166234378e-10, 0.4703948199748993, 0.8824560642242432, 42.77682876586914, 0.24509523808956146, -0.8555402755737305, 0.45604729652404785, 8.429749488830566, 2.7783355712890625, -160.21107482910156, -168.93592834472656, 1.0);\n    data[8] = mat4( 0.9228090643882751, 0.3836064040660858, -0.03563050553202629, 8.429750442504883, -2.2501051688550433e-8, 0.09248493611812592, 0.9957140684127808, 25.23654556274414, 0.3852575719356537, -0.9188539385795593, 0.08534594625234604, 8.429749488830566, 11.869654655456543, -106.56092071533203, -217.85340881347656, 1.0);\n    data[9] = mat4( 0.8772222995758057, 0.4674670398235321, 0.10934170335531235, 8.429750442504883, 2.0535672717869602e-8, -0.22775517404079437, 0.9737184047698975, 12.829567909240723, 0.4800843894481659, -0.8541674613952637, -0.19979192316532135, 8.429750442504883, 20.8353214263916, -43.19974136352539, -239.99951171875, 0.9999999403953552);\n    data[10] = mat4( 0.9830896258354187, 0.16083373129367828, -0.08756321668624878, 8.02145004272461, 2.3755797329272355e-10, 0.4781606197357178, 0.8782724142074585, 39.651947021484375, 0.1831251084804535, -0.8634204864501953, 0.47007474303245544, 8.02145004272461, 19.648418426513672, -152.8498992919922, -161.8258819580078, 1.0);\n    data[11] = mat4( 0.9358811378479004, 0.3485816419124603, -0.05116010084748268, 8.02145004272461, 8.598387779557015e-9, 0.145210862159729, 0.9894007444381714, 24.584932327270508, 0.3523159325122833, -0.9259614944458008, 0.1359000951051712, 8.02145004272461, 29.295255661010742, -107.8292007446289, -205.30209350585938, 1.0);\n    data[12] = mat4( 0.8877815008163452, 0.4560469090938568, 0.06217017024755478, 8.02145004272461, 6.990820811125786e-9, -0.13507471978664398, 0.9908353686332703, 12.711485862731934, 0.46026504039764404, -0.8796454071998596, -0.11991684138774872, 8.02145004272461, 38.15982437133789, -55.37266540527344, -226.62335205078125, 0.9999999403953552);\n    data[13] = mat4( 0.9999863505363464, 0.0046876524575054646, -0.0022922460921108723, 7.12529993057251, -9.570149360482727e-12, 0.4392881691455841, 0.8983461856842041, 31.380311965942383, 0.005218090955168009, -0.8983339071273804, 0.43928220868110657, 7.12529993057251, 30.588350296020508, -136.5830535888672, -154.39779663085938, 0.9999999403953552);\n    data[14] = mat4( 0.9570824503898621, 0.2880112826824188, -0.03229079768061638, 7.12529993057251, -1.515598491153014e-8, 0.11141838878393173, 0.9937736392021179, 17.358001708984375, 0.2898157835006714, -0.9511232972145081, 0.10663658380508423, 7.12529993057251, 44.9504508972168, -83.1126480102539, -192.5747833251953, 1.0);\n    data[15] = mat4( 0.880604088306427, 0.4666370451450348, 0.08237865567207336, 7.12529993057251, -1.8095587250854805e-8, -0.17384862899780273, 0.9847723841667175, 11.763103485107422, 0.4738526940345764, -0.867194652557373, -0.15309181809425354, 7.12529993057251, 56.18177795410156, -27.11683464050293, -206.44894409179688, 1.0);\n    \n    vec2 uv = gl_FragCoord.xy / RENDERSIZE.xy;\n    uv = uv * 2.0 - 1.0;\n    uv.x *= RENDERSIZE.x / RENDERSIZE.y;    \n    float time = TIME * 2.1;\n    \n    // camera\n    vec3 ro = vec3(0.0, 400.0, 200.0);\n    \n    //ro.x = sin(time) * 200.0;\n    //ro.z = cos(time) * 200.0;\n    \n    // Inputs \n    float range = 700.0;\n    float mapped_x = MIDDLE_FINGER_MCP_x * range - range/2;\n    float mapped_y = MIDDLE_FINGER_MCP_y * range - range/2;\n    float balance = 0.1; // Adjust this value to control the balance between x and z axes\n    float mapped_z = -mapped_y * balance;\n    \n    // Camera target position with translation in x and y directions\n    vec3 ta = vec3(mapped_x + 50.0, 150.0, mapped_z);\n   \n    // look at\n    mat3 camMat = calcLookAtMatrix( ro, ta, 0.0 );\n    \n    \n    // ray direction\n    vec3 rd = normalize( camMat * vec3(uv, 2.0) );\n    \n    vec3 col = vec3(0.9);\n    //col += 1.6*vec3(0.3*MIDDLE_FINGER_MCP_x, 0.5*MIDDLE_FINGER_MCP_x, MIDDLE_FINGER_MCP_x);\n    //col = acesFilm(col * 0.5);\n    //col = pow(col, vec3(1.0/2.2));\n    \n    render(ro, rd, col, data);\n    \n    // gamma\n    // gl_FragColor = vec4(pow(col, vec3(0.75)), 1.0);\n    gl_FragColor = vec4(col,1.0);\n\n}","Inlets":[{"uuid":"af2b4fc3-aecb-4c15-a5aa-1c573a239925","ObjectName":"Inlet","id":0,"Hidden":true,"Custom":"MIDDLE_FINGER_MCP_x","Exposed":"middle_finger_mcp_x","Value":{"Float":0.0},"Domain":{"Float":{"Min":0.0,"Max":0.0}}},{"uuid":"af2b4fc3-aecb-4c15-a5aa-1c573a239925","ObjectName":"Inlet","id":1,"Hidden":true,"Custom":"MIDDLE_FINGER_MCP_y","Exposed":"middle_finger_mcp_y","Value":{"Float":0.0},"Domain":{"Float":{"Min":0.0,"Max":0.0}}}],"Outlets":[{"uuid":"f1c71046-b754-49a5-8e66-d01374773dfc","ObjectName":"Outlet","id":1,"Hidden":false,"Address":"Window:/"}]}],"SmallViewRack":[{"Processes":[1,2,3,4],"Process":null,"Height":200.0,"Nodal":true}],"FullViewRack":[{"Process":0,"Nodal":true}],"DefaultDuration":7115374703,"MinDuration":7115374703,"MaxDuration":7115374703,"GuiDuration":7826912173,"Speed":1.0,"Rigidity":true,"MinNull":false,"MaxInf":false,"Signatures":[],"StartState":8,"EndState":9,"StartDate":1246844182,"HeightPercentage":0.5526666666666666,"NodalSlotHeight":100.0,"QuantizationRate":-1.0,"Zoom":-1.0,"Center":0,"ViewMode":0,"SmallViewShown":true,"HasSignature":false}],"Comments":[]}],"SmallViewRack":[],"FullViewRack":[{"Process":1,"Nodal":false}],"DefaultDuration":10584000000,"MinDuration":10584000000,"MaxDuration":11113200000,"GuiDuration":11642400000,"Speed":1.0,"Rigidity":false,"MinNull":false,"MaxInf":true,"Signatures":[[0,[4,4]]],"StartState":0,"EndState":1,"StartDate":0,"HeightPercentage":0.0,"NodalSlotHeight":100.0,"QuantizationRate":-1.0,"Zoom